Total weight (Kg): 9119.58
Total solution time: 12975.99



i     x(cm^2)   x(in^2)     q        sigma sigma/(gamma*x) Euler_slcak  x_hat   q_Euler  q_yield 
======================================================================
 0     0.25    0.039    0.181     0.72       1149.6762        -        -        -    0.675  
 1    10.00    1.550   -0.245    -0.02         -0.9694   0.0008 1066.345   -0.253  -27.000  *
 2    55.00    8.525   -7.397    -0.13         -0.8740   0.0194  965.043   -8.463 -148.500  *
 3     5.00    0.775    4.753     0.95         67.5903        -        -        -   13.500  
 4    15.00    2.325   -0.332    -0.02         -0.4723   0.0247  863.717   -0.703  -40.500  *
 5     0.25    0.039    0.154     0.61        782.2076        -        -        -    0.675  
 6    35.00    5.425   -4.149    -0.12         -0.9635   0.0045  768.010   -4.307  -94.500  *
 7     1.00    0.155    0.728     0.73        205.9219        -        -        -    2.700  
 8     0.25    0.039   -0.000    -0.00         -0.7730   0.0002  677.922   -0.000   -0.675  *
 9    10.00    1.550    6.383     0.64         15.9429        -        -        -   27.000  
10     0.25    0.039    0.010     0.04         35.4034        -        -        -    0.675  
11     5.00    0.775    5.391     1.08         47.1519        -        -        -   13.500  
12    10.00    1.550    2.521     0.25          4.8057        -        -        -   27.000  
13    10.00    1.550   16.079     1.61         30.4843        -        -        -   27.000  
14     5.00    0.775    5.170     1.03         33.8051        -        -        -   13.500  
15    10.00    1.550   15.789     1.58         25.6737        -        -        -   27.000  
16    10.00    1.550    7.385     0.74         10.2234        -        -        -   27.000  
17     0.25    0.039    0.502     2.01       1105.0746        -        -        -    0.675  
18     5.00    0.775    3.943     0.79         18.2091        -        -        -   13.500  
19     5.00    0.775    7.477     1.50         34.3519        -        -        -   13.500  
20     0.25    0.039    0.137     0.55        207.8578        -        -        -    0.675  
21    10.00    1.550   15.740     1.57         14.8089        -        -        -   27.000  
22     0.25    0.039    0.040     0.16         48.2913        -        -        -    0.675  
23    10.00    1.550    9.804     0.98          7.3905        -        -        -   27.000  
24    30.00    4.650  -14.084    -0.47         -0.9243   0.0384  159.476  -15.237  -81.000  *
25    10.00    1.550   14.282     1.43          8.3912        -        -        -   27.000  
26    35.00    5.425  -22.092    -0.63         -0.8012   0.1566  119.953  -27.573  -94.500  *
27    10.00    1.550   14.432     1.44          6.3780        -        -        -   27.000  
28    20.00    3.100  -11.658    -0.58         -0.9288   0.0447   86.049  -12.551  -54.000  *
29    10.00    1.550    9.905     0.99          3.1402        -        -        -   27.000  
30    10.00    1.550   -4.212    -0.42         -0.9010   0.0463   57.763   -4.674  -27.000  *
31     5.00    0.775    7.817     1.56          6.6546        -        -        -   13.500  
32    10.00    1.550   -3.523    -0.35         -0.4579   0.4171   35.095   -7.693  -27.000  *
33     0.25    0.039    0.300     1.20         62.0824        -        -        -    0.675  
34     5.00    0.775   -0.302    -0.06         -0.0809   0.6876   18.046   -3.740  -13.500  *
35     0.25    0.039    0.285     1.14         30.2706        -        -        -    0.675  
36   500.00   77.500 1275.179     2.55          0.2922        -        -        - 1350.000  
37   500.00   77.500 -1255.862    -2.51         -0.2877   6.2173  154.657 -4364.490 -1350.000  
38   450.00   69.750 1209.402     2.69          0.3421        -        -        - 1215.000  
39   450.00   69.750 -1185.517    -2.63         -0.3353   5.2216  154.657 -3535.237 -1215.000  
40   450.00   69.750 1145.014     2.54          0.3239        -        -        - 1215.000  
41   450.00   69.750 -1104.903    -2.46         -0.3125   5.4007  154.657 -3535.237 -1215.000  
42   400.00   62.000 1077.648     2.69          0.3858        -        -        - 1080.000  
43   400.00   62.000 -1024.390    -2.56         -0.3667   4.4222  154.657 -2793.274 -1080.000  
44   400.00   62.000  996.530     2.49          0.3568        -        -        - 1080.000  
45   350.00   54.250 -943.671    -2.70         -0.4413   3.4141  154.657 -2138.600 -945.000  
46   350.00   54.250  894.388     2.56          0.4182        -        -        -  945.000  
47   350.00   54.250 -856.969    -2.45         -0.4007   3.6618  154.657 -2138.600 -945.000  
48   300.00   46.500  800.338     2.67          0.5094        -        -        -  810.000  
49   300.00   46.500 -736.422    -2.45         -0.4687   2.7826  154.657 -1571.217 -810.000  
50   300.00   46.500  701.344     2.34          0.4464        -        -        -  810.000  
51   250.00   38.750 -622.983    -2.49         -0.5710   1.8726  154.657 -1091.123 -675.000  
52   250.00   38.750  589.341     2.36          0.5401        -        -        -  675.000  
53   200.00   31.000 -519.501    -2.60         -0.7439   0.8941  154.657 -698.318 -540.000  
54   200.00   31.000  471.773     2.36          0.6756        -        -        -  540.000  
55   200.00   31.000 -403.570    -2.02         -0.5779   1.4737  154.657 -698.318 -540.000  
56   150.00   23.250  361.716     2.41          0.9209        -        -        -  405.000  
57   150.00   23.250 -316.608    -2.11         -0.8060   0.5080  154.657 -392.804 -405.000  *
58    95.00   14.725  252.130     2.65          1.6002        -        -        -  256.500  
59   150.00   23.250 -235.690    -1.57         -0.6000   1.0474  154.657 -392.804 -405.000  *
60    55.00    8.525  144.995     2.64          2.7456        -        -        -  148.500  
61    95.00   14.725 -155.202    -1.63         -0.9850   0.0248  154.657 -157.558 -256.500  *
62    25.00    3.875   67.424     2.70          6.1793        -        -        -   67.500  
63    80.00   12.400 -104.603    -1.31         -0.9362   0.0891  154.657 -111.731 -216.000  *
64    10.00    1.550   23.968     2.40         13.7289        -        -        -   27.000  
65    55.00    8.525  -52.313    -0.95         -0.9906   0.0090  154.657  -52.810 -148.500  *
66    10.00    1.550   12.021     1.20          6.8855        -        -        -   27.000  
67    25.00    3.875   -8.575    -0.34         -0.7859   0.0935  154.657  -10.911  -67.500  *
68     0.25    0.039    0.169     0.67        154.5437        -        -        -    0.675  
69    10.00    1.550   -1.015    -0.10         -0.5812   0.0731  154.657   -1.746  -27.000  *
70   300.00   46.500  709.973     2.37          0.4424        -        -        -  810.000  
71   250.00   38.750 -565.135    -2.26         -0.5071   2.1969  151.433 -1114.353 -675.000  
72   200.00   31.000  539.092     2.70          0.7558        -        -        -  540.000  
73   250.00   38.750 -453.094    -1.81         -0.4066   2.6450  151.433 -1114.353 -675.000  
74   200.00   31.000  408.508     2.04          0.5727        -        -        -  540.000  
75   200.00   31.000 -315.814    -1.58         -0.4428   1.9869  151.433 -713.186 -540.000  
76    75.00   11.625  183.666     2.45          1.8311        -        -        -  202.500  
77   200.00   31.000 -287.147    -1.44         -0.4026   2.1302  151.433 -713.186 -540.000  
78    55.00    8.525  144.999     2.64          2.6881        -        -        -  148.500  
79    90.00   13.950 -123.047    -1.37         -0.8520   0.2375  151.433 -144.420 -243.000  *
80    10.00    1.550   26.308     2.63         14.7537        -        -        -   27.000  
81    80.00   12.400 -101.074    -1.26         -0.8858   0.1630  151.433 -114.110 -216.000  *
82    15.00    2.325   34.073     2.27          8.4924        -        -        -   40.500  
83    30.00    4.650  -12.504    -0.42         -0.7792   0.1181  151.433  -16.047  -81.000  *
84     5.00    0.775    9.660     1.93         21.6696        -        -        -   13.500  
85    10.00    1.550   -1.127    -0.11         -0.6322   0.0656  151.433   -1.783  -27.000  *
86     0.25    0.039    0.429     1.71        384.5718        -        -        -    0.675  
87    10.00    1.550   -1.589    -0.16         -0.8910   0.0194  151.433   -1.783  -27.000  *
88     0.25    0.039    0.468     1.87        420.2157        -        -        -    0.675  
89     0.25    0.039    0.017     0.07         15.3858        -        -        -    0.675  
90     5.00    0.775    8.297     1.66         18.6122        -        -        -   13.500  
91    20.00    3.100   -6.984    -0.35         -0.9792   0.0074  151.433   -7.132  -54.000  *
92    10.00    1.550   15.198     1.52          8.5229        -        -        -   27.000  
93    25.00    3.875  -10.473    -0.42         -0.9399   0.0268  151.433  -11.144  -67.500  *
94    10.00    1.550   10.722     1.07          6.0132        -        -        -   27.000  
95    30.00    4.650  -14.340    -0.48         -0.8936   0.0569  151.433  -16.047  -81.000  *
96    10.00    1.550   16.228     1.62          9.1010        -        -        -   27.000  
97    35.00    5.425  -18.569    -0.53         -0.8502   0.0935  151.433  -21.841  -94.500  *
98    10.00    1.550   10.458     1.05          5.8646        -        -        -   27.000  
99    25.00    3.875  -10.371    -0.41         -0.9306   0.0309  151.433  -11.144  -67.500  *
100     5.00    0.775    3.879     0.78          8.7008        -        -        -   13.500  
101    15.00    2.325   -3.893    -0.26         -0.9703   0.0079  151.433   -4.012  -40.500  *
102     0.25    0.039    0.012     0.05         10.9586        -        -        -    0.675  
103     0.25    0.039    0.006     0.02          5.4220        -        -        -    0.675  
104    10.00    1.550   25.364     2.54          4.9715        -        -        -   27.000  
105     5.00    0.775   12.173     2.43          8.5916        -        -        -   13.500  
106    10.00    1.550   17.038     1.70          2.6907        -        -        -   27.000  
107    10.00    1.550   22.861     2.29          3.2102        -        -        -   27.000  
108    10.00    1.550   23.570     2.36          2.9215        -        -        -   27.000  
109    10.00    1.550   17.604     1.76          1.9102        -        -        -   27.000  
110    10.00    1.550   15.864     1.59          1.4927        -        -        -   27.000  
111    10.00    1.550   21.959     2.20          1.7721        -        -        -   27.000  
112    10.00    1.550   23.737     2.37          1.6221        -        -        -   27.000  
113    10.00    1.550   17.946     1.79          1.0230        -        -        -   27.000  
114     5.00    0.775   12.638     2.53          2.3604        -        -        -   13.500  
115     5.00    0.775    5.409     1.08          0.8095        -        -        -   13.500  
116     5.00    0.775   -0.437    -0.09         -0.0510   1.6273    7.873   -8.574  -13.500  *
117     5.00    0.775   -4.340    -0.87         -0.3807   1.4117    5.922  -11.399  -13.500  *
118     5.00    0.775   -5.936    -1.19         -0.3736   1.9907    4.248  -15.890  -13.500  
119     5.00    0.775   -1.953    -0.39         -0.0825   4.3436    2.852  -23.671  -13.500  
120     0.25    0.039    0.024     0.10          0.2469        -        -        -    0.675  
121     0.25    0.039   -0.009    -0.04         -0.0496   0.7201    0.891   -0.189   -0.675  *
122    15.00    2.325   34.190     2.28          0.7227        -        -        -   40.500  
123    10.00    1.550   25.036     2.50          1.0656        -        -        -   27.000  
124     1.00    0.155   -0.097    -0.10         -0.3671   0.1672   10.219   -0.264   -2.700  *
125    10.00    1.550  -11.709    -1.17         -0.3912   1.8224    9.020  -29.934  -27.000  
126     5.00    0.775   -7.254    -1.45         -0.8486   0.2589    7.896   -8.549  -13.500  *
127     5.00    0.775   -9.691    -1.94         -0.9830   0.0335    6.847   -9.858  -13.500  *
128     1.00    0.155   -0.339    -0.34         -0.7371   0.1209    5.873   -0.460   -2.700  *
129     5.00    0.775   -0.820    -0.16         -0.0604   2.5507    4.973  -13.574  -13.500  
130     5.00    0.775   -3.310    -0.66         -0.2034   2.5926    4.148  -16.273  -13.500  
131     5.00    0.775   -2.906    -0.58         -0.1463   3.3919    3.398  -19.865  -13.500  
132     5.00    0.775   -1.980    -0.40         -0.0798   4.5627    2.723  -24.793  -13.500  
133     5.00    0.775   -1.395    -0.28         -0.0439   6.0832    2.122  -31.811  -13.500  
134     1.00    0.155   -0.830    -0.83         -0.4909   0.8613    1.596   -1.692   -2.700  *
135     1.00    0.155   -0.583    -0.58         -0.2473   1.7751    1.145   -2.358   -2.700  *
136     0.25    0.039    0.411     1.64          1.8714        -        -        -    0.675  
137     0.25    0.039   -0.350    -1.40         -0.9686   0.0454    0.467   -0.361   -0.675  *
138     0.25    0.039    0.035     0.14          0.0498        -        -        -    0.675  
139    15.00    2.325   30.985     2.07         10.4484        -        -        -   40.500  
140    65.00   10.075  -53.167    -0.82         -0.9549   0.0386  204.882  -55.678 -175.500  *
141    15.00    2.325   27.522     1.83          9.0480        -        -        -   40.500  
142    65.00   10.075  -55.879    -0.86         -0.9784   0.0190  199.740  -57.112 -175.500  *
143    10.00    1.550   17.956     1.80         12.9588        -        -        -   27.000  
144    70.00   10.850  -63.105    -0.90         -0.9295   0.0683  194.876  -67.889 -189.000  *
145     5.00    0.775    9.832     1.97         27.7132        -        -        -   13.500  
146    70.00   10.850  -69.211    -0.99         -0.9955   0.0045  190.289  -69.526 -189.000  *
147    10.00    1.550   14.884     1.49         10.2510        -        -        -   27.000  
148    70.00   10.850  -67.576    -0.97         -0.9499   0.0509  185.980  -71.137 -189.000  *
149    15.00    2.325   22.800     1.52          6.8280        -        -        -   40.500  
150    65.00   10.075  -60.265    -0.93         -0.9612   0.0374  181.948  -62.697 -175.500  *
151    10.00    1.550   16.661     1.67         10.9947        -        -        -   27.000  
152    70.00   10.850  -68.714    -0.98         -0.9255   0.0790  178.193  -74.245 -189.000  *
153     0.25    0.039    0.363     1.45        375.2866        -        -        -    0.675  
154    75.00   11.625  -79.643    -1.06         -0.9162   0.0971  174.716  -86.927 -202.500  *
155     5.00    0.775    6.236     1.25         15.8439        -        -        -   13.500  
156    70.00   10.850  -73.785    -1.05         -0.9566   0.0479  171.516  -77.136 -189.000  *
157     5.00    0.775    8.353     1.67         20.8621        -        -        -   13.500  
158    65.00   10.075  -65.039    -1.00         -0.9612   0.0404  168.593  -67.663 -175.500  *
159    10.00    1.550   14.087     1.41          8.6578        -        -        -   27.000  
160    60.00    9.300  -52.976    -0.88         -0.9045   0.0933  165.948  -58.573 -162.000  *
161    15.00    2.325   27.270     1.82          7.3424        -        -        -   40.500  
162    45.00    6.975  -33.300    -0.74         -0.9963   0.0028  163.580  -33.424 -121.500  *
163    20.00    3.100   29.808     1.49          4.4568        -        -        -   54.000  
164    40.00    6.200  -22.822    -0.57         -0.8531   0.0982  161.490  -26.751 -108.000  *
165    30.00    4.650   40.021     1.33          2.6296        -        -        -   81.000  
166     5.00    0.775   -0.264    -0.05         -0.6242   0.0318  159.676   -0.423  -13.500  *
167    20.00    3.100   28.821     1.44          4.2200        -        -        -   54.000  
168     5.00    0.775   -0.310    -0.06         -0.7251   0.0235  158.141   -0.427  -13.500  *
169     5.00    0.775    6.091     1.22         14.1556        -        -        -   13.500  
170    25.00    3.875   -9.385    -0.38         -0.8725   0.0549  156.882  -10.756  -67.500  *
171     1.00    0.155    0.612     0.61         35.3563        -        -        -    2.700  
172     5.00    0.775   -0.217    -0.04         -0.5012   0.0432  155.901   -0.433  -13.500  *
173     0.25    0.039    0.452     1.81        440.9828        -        -        -    0.675  
174   100.00   15.500 -151.752    -1.52         -0.9289   0.1162  165.268 -163.371 -270.000  *
175    10.00    1.550   25.452     2.55         15.3914        -        -        -   27.000  
176    85.00   13.175 -116.080    -1.37         -0.9751   0.0349  163.866 -119.045 -229.500  *
177    10.00    1.550   19.612     1.96         11.7663        -        -        -   27.000  
178    85.00   13.175 -115.812    -1.36         -0.9650   0.0495  162.539 -120.017 -229.500  *
179    90.00   13.950  116.757     1.30          0.8583        -        -        -  243.000  
180    25.00    3.875  -10.439    -0.42         -0.9978   0.0009  161.287  -10.463  -67.500  *
181    20.00    3.100   40.919     2.05          6.0477        -        -        -   54.000  
182    60.00    9.300  -58.666    -0.98         -0.9664   0.0340  160.109  -60.708 -162.000  *
183    65.00   10.075   79.811     1.23          1.1093        -        -        -  175.500  
184     5.00    0.775   -0.395    -0.08         -0.9311   0.0058  159.007   -0.425  -13.500  *
185    10.00    1.550   23.611     2.36         13.7780        -        -        -   27.000  
186    45.00    6.975  -30.085    -0.67         -0.8693   0.1005  157.979  -34.609 -121.500  *
187    10.00    1.550   23.815     2.38         13.8153        -        -        -   27.000  
188    45.00    6.975  -28.733    -0.64         -0.8252   0.1353  157.025  -34.819 -121.500  *
189    10.00    1.550   18.890     1.89         10.8993        -        -        -   27.000  
190    30.00    4.650  -12.009    -0.40         -0.7717   0.1185  156.147  -15.562  -81.000  *
191    10.00    1.550   22.172     2.22         12.7294        -        -        -   27.000  
192    25.00    3.875   -8.744    -0.35         -0.8049   0.0848  155.343  -10.863  -67.500  *
193    10.00    1.550   16.970     1.70          9.6993        -        -        -   27.000  
194    25.00    3.875  -10.747    -0.43         -0.9847   0.0067  154.614  -10.914  -67.500  *
195    10.00    1.550   14.056     1.41          8.0012        -        -        -   27.000  
196    25.00    3.875   -8.277    -0.33         -0.7552   0.1073  153.960  -10.961  -67.500  *
197    10.00    1.550    9.394     0.94          5.3283        -        -        -   27.000  
198    25.00    3.875   -9.117    -0.36         -0.8286   0.0754  153.380  -11.002  -67.500  *
199    10.00    1.550   15.002     1.50          8.4830        -        -        -   27.000  
200    25.00    3.875  -10.723    -0.43         -0.9714   0.0126  152.875  -11.038  -67.500  *
201    10.00    1.550   10.732     1.07          6.0531        -        -        -   27.000  
202    25.00    3.875  -10.973    -0.44         -0.9913   0.0038  152.445  -11.070  -67.500  *
203    10.00    1.550    8.471     0.85          4.7676        -        -        -   27.000  
204    25.00    3.875   -8.287    -0.33         -0.7469   0.1123  152.090  -11.095  -67.500  *
205     5.00    0.775    1.169     0.23          2.6271        -        -        -   13.500  
206    10.00    1.550   -1.636    -0.16         -0.9197   0.0143  151.809   -1.779  -27.000  *
207     0.25    0.039    0.011     0.05         74.8845        -        -        -    0.675  
208     0.25    0.039    0.177     0.71       1139.2518        -        -        -    0.675  
209    45.00    6.975   -4.940    -0.11         -0.8992   0.0123  995.259   -5.494 -121.500  *
210     5.00    0.775    5.150     1.03         74.7051        -        -        -   13.500  
211    35.00    5.425   -2.952    -0.08         -0.7950   0.0218  890.761   -3.713  -94.500  *
212     0.25    0.039    0.193     0.77       1003.1469        -        -        -    0.675  
213    20.00    3.100   -0.871    -0.04         -0.6389   0.0246  792.058   -1.364  -54.000  *
214     5.00    0.775    3.481     0.70         40.1873        -        -        -   13.500  
215    55.00    8.525  -10.338    -0.19         -0.8849   0.0244  699.148  -11.682 -148.500  *
216    15.00    2.325   12.690     0.85         14.3692        -        -        -   40.500  
217     0.25    0.039    0.027     0.11         97.1429        -        -        -    0.675  
218    10.00    1.550    9.957     1.00         22.2069        -        -        -   27.000  
219     0.25    0.039    0.126     0.50        396.9252        -        -        -    0.675  
220    10.00    1.550   13.028     1.30         25.1950        -        -        -   27.000  
221    10.00    1.550   12.875     1.29         21.7049        -        -        -   27.000  
222     0.25    0.039    0.326     1.31        865.9741        -        -        -    0.675  
223     1.00    0.155    1.743     1.74        248.9035        -        -        -    2.700  
224     5.00    0.775    4.892     0.98         27.4877        -        -        -   13.500  
225    10.00    1.550   15.354     1.54         18.2835        -        -        -   27.000  
226     0.25    0.039    0.178     0.71        333.2871        -        -        -    0.675  
227    10.00    1.550   12.516     1.25         12.2088        -        -        -   27.000  
228     0.25    0.039    0.215     0.86        330.7346        -        -        -    0.675  
229    10.00    1.550   10.751     1.08          8.4027        -        -        -   27.000  
230     0.25    0.039    0.011     0.04         13.1329        -        -        -    0.675  
231    10.00    1.550   10.240     1.02          6.2376        -        -        -   27.000  
232    10.00    1.550   -1.126    -0.11         -0.6749   0.0542  161.818   -1.669  -27.000  *
233    10.00    1.550   10.425     1.04          4.7766        -        -        -   27.000  
234    15.00    2.325   -4.646    -0.31         -0.9308   0.0230  121.715   -4.991  -40.500  *
235    10.00    1.550    5.794     0.58          1.9045        -        -        -   27.000  
236    10.00    1.550   -2.370    -0.24         -0.7666   0.0722   87.313   -3.092  -27.000  *
237     1.00    0.155    1.468     1.47         32.3826        -        -        -    2.700  
238    15.00    2.325   -5.136    -0.34         -0.4955   0.3486   58.611  -10.365  -40.500  *
239     5.00    0.775    3.186     0.64          1.7084        -        -        -   13.500  
240     0.25    0.039    0.037     0.15          7.8626        -        -        -    0.675  
241     0.25    0.039    0.284     1.14         31.3369        -        -        -    0.675  
242     5.00    0.775   -0.482    -0.10         -0.1307   0.6409   18.311   -3.686  -13.500  *
243    10.00    1.550   -0.217    -0.02         -0.9909   0.0002 1231.813   -0.219  -27.000  *
244    10.00    1.550   12.441     1.24         51.0752        -        -        -   27.000  
245     0.25    0.039    0.080     0.32        578.6929        -        -        -    0.675  
246    75.00   11.625  -12.542    -0.17         -0.9113   0.0163 1103.433  -13.764 -202.500  *
247     0.25    0.039    0.031     0.12        206.4401        -        -        -    0.675  
248     5.00    0.775    2.687     0.54         40.1060        -        -        -   13.500  
249     5.00    0.775    2.829     0.57         46.9123        -        -        -   13.500  
250     0.25    0.039    0.026     0.11        157.2283        -        -        -    0.675  
251     5.00    0.775    0.703     0.14         10.6547        -        -        -   13.500  
252     0.25    0.039    0.122     0.49        658.3163        -        -        -    0.675  
253    15.00    2.325   -0.428    -0.03         -0.7173   0.0112 1018.139   -0.597  -40.500  *
254     0.25    0.039    0.137     0.55        737.3128        -        -        -    0.675  
255    10.00    1.550    5.715     0.57         19.6127        -        -        -   27.000  
256     0.25    0.039    0.052     0.21        254.5530        -        -        -    0.675  
257    45.00    6.975   -5.038    -0.11         -0.8501   0.0197  922.506   -5.927 -121.500  *
258     1.00    0.155    0.574     0.57        174.1931        -        -        -    2.700  
259    10.00    1.550   12.023     1.20         37.2266        -        -        -   27.000  
260    75.00   11.625  -19.859    -0.26         -0.9658   0.0094  738.611  -20.562 -202.500  *
261    85.00   13.175  -23.159    -0.27         -0.9883   0.0032  832.462  -23.434 -229.500  *
262    10.00    1.550    9.325     0.93         25.4032        -        -        -   27.000  
263    15.00    2.325   22.942     1.53         28.3663        -        -        -   40.500  
264    80.00   12.400  -23.470    -0.29         -0.8967   0.0338  660.190  -26.174 -216.000  *
265    90.00   13.950  -29.229    -0.32         -0.9997   0.0001  748.007  -29.238 -243.000  *
266    10.00    1.550   17.484     1.75         42.5767        -        -        -   27.000  
267    10.00    1.550   24.190     2.42         60.1916        -        -        -   27.000  
268    95.00   14.725  -41.354    -0.44         -0.9969   0.0014  587.387  -41.485 -256.500  *
269   150.00   23.250  -56.227    -0.37         -0.6193   0.2304  669.140  -90.788 -405.000  *
270     5.00    0.775   11.270     2.25         97.6904        -        -        -   13.500  
271    10.00    1.550   26.390     2.64         58.4657        -        -        -   27.000  
272    80.00   12.400  -31.458    -0.39         -0.9470   0.0220  520.203  -33.218 -216.000  *
273    90.00   13.950  -33.743    -0.37         -0.9193   0.0329  595.863  -36.703 -243.000  *
274    10.00    1.550   24.494     2.45         47.0154        -        -        -   27.000  
275    10.00    1.550   25.916     2.59         50.8852        -        -        -   27.000  
276    85.00   13.175  -42.343    -0.50         -0.9955   0.0022  458.637  -42.534 -229.500  *
277    85.00   13.175  -36.398    -0.43         -0.9855   0.0063  528.174  -36.934 -229.500  *
278    15.00    2.325   32.474     2.16         24.4301        -        -        -   40.500  
279    10.00    1.550   25.933     2.59         44.9228        -        -        -   27.000  
280    70.00   10.850  -32.497    -0.46         -0.9891   0.0051  402.689  -32.854 -189.000  *
281    95.00   14.725  -50.039    -0.53         -0.9571   0.0236  466.074  -52.282 -256.500  *
282     5.00    0.775   10.032     2.01         59.6525        -        -        -   13.500  
283    10.00    1.550   22.860     2.29         34.7900        -        -        -   27.000  
284    65.00   10.075  -28.245    -0.43         -0.8724   0.0635  352.360  -32.375 -175.500  *
285    75.00   11.625  -35.138    -0.47         -0.9476   0.0259  409.563  -37.082 -202.500  *
286    15.00    2.325   16.797     1.12          9.7135        -        -        -   40.500  
287    10.00    1.550   20.154     2.02         26.8502        -        -        -   27.000  
288    55.00    8.525  -25.101    -0.46         -0.9455   0.0263  307.649  -26.548 -148.500  *
289    70.00   10.850  -36.233    -0.52         -0.9822   0.0094  358.641  -36.889 -189.000  *
290    10.00    1.550   10.168     1.02         11.5550        -        -        -   27.000  
291    30.00    4.650   39.603     1.32          5.1197        -        -        -   81.000  
292     0.25    0.039    0.003     0.01          4.6572        -        -        -    0.675  
293    65.00   10.075  -34.755    -0.53         -0.9545   0.0255  313.308  -36.410 -175.500  *
294     5.00    0.775    4.432     0.89         17.5946        -        -        -   13.500  
295    10.00    1.550   21.106     2.11         21.4332        -        -        -   27.000  
296    15.00    2.325   -2.502    -0.17         -0.9683   0.0055  235.083   -2.584  -40.500  *
297    50.00    7.750  -23.675    -0.47         -0.9595   0.0200  273.563  -24.674 -135.000  *
298     0.25    0.039    0.099     0.40        137.6701        -        -        -    0.675  
299    10.00    1.550   15.771     1.58         14.0102        -        -        -   27.000  
300     0.25    0.039    0.096     0.39        118.4580        -        -        -    0.675  
301    40.00    6.200  -15.572    -0.39         -0.8630   0.0618  239.407  -18.045 -108.000  *
302     0.25    0.039    0.075     0.30         92.4412        -        -        -    0.675  
303     5.00    0.775    6.633     1.33         20.7473        -        -        -   13.500  
304     5.00    0.775   -0.312    -0.06         -0.8550   0.0106  184.990   -0.365  -13.500  *
305    25.00    3.875   -6.833    -0.27         -0.8537   0.0468  210.840   -8.004  -67.500  *
306     0.25    0.039    0.120     0.48        131.9501        -        -        -    0.675  
307     5.00    0.775    1.807     0.36          5.0332        -        -        -   13.500  
308     0.25    0.039    0.050     0.20         49.4500        -        -        -    0.675  
309    10.00    1.550   -1.307    -0.13         -0.9097   0.0130  187.862   -1.437  -27.000  *
310     1.00    0.155    0.422     0.42         26.3230        -        -        -    2.700  
311   550.00   85.250 1417.626     2.58          0.7509        -        -        - 1485.000  
312   500.00   77.500 -1312.140    -2.62         -0.8410   0.4962  432.623 -1560.251 -1350.000  
313    10.00    1.550   10.764     1.08         19.5370        -        -        -   27.000  
314   150.00   23.250 -123.043    -0.82         -0.9926   0.0061  490.097 -123.955 -405.000  *



 i 	 d
==================
0	-1.05E-001
1	1.41E+000
2	3.94E+000
3	-4.21E-001
4	-1.01E+000
5	4.32E+000
6	6.64E-002
7	2.00E+000
8	9.49E+000
9	-1.03E+000
10	-1.24E+000
11	9.83E+000
12	1.11E-001
13	2.69E+000
14	1.74E+001
15	-1.31E+000
16	-1.73E+000
17	1.76E+001
18	7.41E-002
19	3.35E+000
20	2.77E+001
21	-1.96E+000
22	-1.82E+000
23	2.80E+001
24	4.99E-002
25	4.00E+000
26	4.07E+001
27	-2.61E+000
28	-1.89E+000
29	4.10E+001
30	1.03E-001
31	4.47E+000
32	5.65E+001
33	-3.53E+000
34	-1.74E+000
35	5.67E+001
36	-2.85E-002
37	5.05E+000
38	7.52E+001
39	-4.62E+000
40	-1.31E+000
41	7.53E+001
42	-2.44E-001
43	5.67E+000
44	9.70E+001
45	-5.76E+000
46	-7.98E-001
47	9.73E+001
48	-5.26E-001
49	6.18E+000
50	1.22E+002
51	-7.10E+000
52	-6.27E-002
53	1.22E+002
54	-1.11E+000
55	6.86E+000
56	1.51E+002
57	-8.40E+000
58	6.72E-001
59	1.51E+002
60	-1.94E+000
61	7.66E+000
62	1.84E+002
63	-9.85E+000
64	1.78E+000
65	1.84E+002
66	-3.07E+000
67	8.64E+000
68	2.20E+002
69	-1.12E+001
70	2.85E+000
71	2.20E+002
72	-4.42E+000
73	9.80E+000
74	2.61E+002
75	-1.26E+001
76	4.27E+000
77	2.61E+002
78	-6.17E+000
79	1.12E+001
80	3.07E+002
81	-1.41E+001
82	5.75E+000
83	3.07E+002
84	-7.80E+000
85	1.24E+001
86	3.57E+002
87	-1.54E+001
88	7.33E+000
89	3.57E+002
90	-9.82E+000
91	1.37E+001
92	4.13E+002
93	-1.67E+001
94	9.11E+000
95	4.13E+002
96	-1.20E+001
97	1.47E+001
98	4.74E+002
99	-1.78E+001
100	1.10E+001
101	4.74E+002
102	-1.45E+001
103	1.57E+001
104	5.36E+002
105	-1.88E+001
106	1.30E+001
107	5.36E+002
108	0.00E+000
109	0.00E+000
110	0.00E+000
111	0.00E+000
112	0.00E+000
113	0.00E+000
114	-1.78E-001
115	7.83E-001
116	3.31E+000
117	-1.37E-001
118	-5.37E-001
119	3.48E+000
120	-3.64E-002
121	1.45E+000
122	1.09E+001
123	-5.24E-001
124	-7.40E-001
125	1.11E+001
126	-2.19E-001
127	2.10E+000
128	2.21E+001
129	-1.06E+000
130	-7.43E-001
131	2.21E+001
132	-2.36E-001
133	2.76E+000
134	3.59E+001
135	-1.66E+000
136	-6.30E-001
137	3.59E+001
138	-2.84E-001
139	3.46E+000
140	5.46E+001
141	-2.23E+000
142	-4.48E-001
143	5.45E+001
144	-4.88E-001
145	4.24E+000
146	7.66E+001
147	-3.01E+000
148	-7.34E-002
149	7.65E+001
150	-7.45E-001
151	4.92E+000
152	1.04E+002
153	-3.90E+000
154	6.89E-001
155	1.04E+002
156	-1.45E+000
157	5.75E+000
158	1.34E+002
159	-4.85E+000
160	1.61E+000
161	1.34E+002
162	-2.27E+000
163	6.58E+000
164	1.66E+002
165	-6.11E+000
166	2.73E+000
167	1.66E+002
168	-3.34E+000
169	7.57E+000
170	2.01E+002
171	-7.42E+000
172	3.98E+000
173	2.01E+002
174	-4.69E+000
175	8.67E+000
176	2.39E+002
177	-8.85E+000
178	5.23E+000
179	2.39E+002
180	-6.27E+000
181	9.83E+000
182	2.80E+002
183	-1.03E+001
184	6.49E+000
185	2.80E+002
186	-8.09E+000
187	1.10E+001
188	3.25E+002
189	-1.19E+001
190	7.88E+000
191	3.25E+002
192	-9.68E+000
193	1.21E+001
194	3.75E+002
195	-1.34E+001
196	9.30E+000
197	3.75E+002
198	-1.16E+001
199	1.33E+001
200	4.29E+002
201	-1.49E+001
202	1.08E+001
203	4.29E+002
204	-1.35E+001
205	1.44E+001
206	4.88E+002
207	-1.64E+001
208	1.23E+001
209	4.88E+002
210	-1.57E+001
211	1.54E+001
212	5.47E+002
213	-1.78E+001
214	1.39E+001
215	5.47E+002
216	0
217	0
218	0
219	0
220	0
221	0

